count 6
1 1 1.66334 0.350508 3.002 1155 472 1 1
1 1 1.69987 0.360122 3.056 1157 473 2 1
1 1 1.64759 0.352252 2.962 1157 474 3 1
1 1 1.69209 0.361766 3.042 1157 474 4 1
1 1 1.68102 0.360101 3.028 1156 474 5 1
1 1 1.65881 0.355344 2.988 1156 474 6 1
count 6
1 2 0.131076 0.406445 3.056 683 487 1 1
1 2 0.131395 0.352109 2.988 684 473 2 1
1 2 0.129875 0.356822 3.028 683 473 3 1
1 2 0.133154 0.405999 3.028 684 488 4 1
1 2 0.125508 0.353758 3.002 682 473 5 1
1 2 0.124923 0.352109 2.988 682 473 6 1
count 6
1 3 -0.904143 0.329463 2.988 364 466 1 1
1 3 -0.916247 0.34043 3.028 364 468 2 1
1 3 -0.920483 0.33871 3.042 364 467 3 1
1 3 -0.929364 0.337151 3.028 360 467 4 1
1 3 -0.960399 0.340757 3.002 348 469 5 1
1 3 -0.959156 0.335933 2.988 347 468 6 1
count 5
1 4 -1.79047 0.107127 2.924 78 398 1 1
1 4 -1.82642 0.0900609 2.988 79 392 2 1
1 4 -1.80258 0.101657 2.949 79 396 3 1
1 4 -1.77935 0.08774 2.911 79 392 4 1
1 4 -1.79619 0.0952712 2.949 81 394 5 1
count 5
2 1 2.87188 -0.200859 5.276 1146 329 1 1
2 1 2.88898 -0.202458 5.318 1145 329 2 1
2 1 2.9118 -0.198253 5.36 1145 330 3 1
2 1 2.89474 -0.202458 5.318 1146 329 4 1
2 1 2.93516 -0.205694 5.403 1145 329 5 1
count 6
2 2 1.99891 -0.234943 5.403 985 324 1 1
2 2 1.983 -0.238877 5.36 985 323 2 1
2 2 1.99891 -0.234943 5.403 985 324 3 1
2 2 2.00476 -0.234943 5.403 986 324 4 1
2 2 2.00476 -0.234943 5.403 986 324 5 1
2 2 2.00476 -0.240793 5.403 986 323 6 1
count 6
2 3 0.596201 -0.233542 5.116 751 322 1 1
2 3 0.600745 -0.235322 5.155 751 322 2 1
2 3 0.596201 -0.233542 5.116 751 322 3 1
2 3 0.600745 -0.235322 5.155 751 322 4 1
2 3 0.606328 -0.235322 5.155 752 322 5 1
2 3 0.615738 -0.238974 5.235 752 322 6 1
count 6
2 4 -0.577258 -0.257648 5.155 540 318 1 1
2 4 -0.576111 -0.242773 5.195 541 321 2 1
2 4 -0.577258 -0.240904 5.155 540 321 3 1
2 4 -0.581738 -0.242773 5.195 540 321 4 1
2 4 -0.581738 -0.242773 5.195 540 321 5 1
2 4 -0.581738 -0.248398 5.195 540 320 6 1
count 6
2 5 -1.31193 -0.27865 5.235 412 315 1 1
2 5 -1.3222 -0.280833 5.276 412 315 2 1
2 5 -1.32697 -0.283068 5.318 413 315 3 1
2 5 -1.31649 -0.280833 5.276 413 315 4 1
2 5 -1.31649 -0.280833 5.276 413 315 5 1
2 5 -1.32697 -0.283068 5.318 413 315 6 1
count 6
2 6 -2.9554 -0.305551 5.116 110 309 1 1
2 6 -3.05354 -0.315107 5.276 109 309 2 1
2 6 -3.05926 -0.32082 5.276 108 308 3 1
2 6 -3.04115 -0.318327 5.235 107 308 4 1
2 6 -3.01229 -0.31027 5.195 108 309 5 1
2 6 -2.9831 -0.31109 5.116 105 308 6 1
count 6
3 1 5.24925 -0.367584 11.256 1074 334 1 1
3 1 5.1883 -0.379771 11.256 1069 333 2 1
3 1 5.1883 -0.379771 11.256 1069 333 3 1
3 1 5.17611 -0.379771 11.256 1068 333 4 1
3 1 5.10302 -0.301609 11.071 1069 339 5 1
3 1 5.1883 -0.379771 11.256 1069 333 6 1
count 6
3 2 3.22296 -0.408114 10.72 921 329 1 1
3 2 3.35247 -0.421476 11.071 923 329 2 1
3 2 3.35247 -0.421476 11.071 923 329 3 1
3 2 3.34048 -0.421476 11.071 922 329 4 1
3 2 3.25138 -0.426494 10.893 919 328 5 1
3 2 3.27498 -0.426494 10.893 921 328 6 1
count 6
3 3 1.06062 -0.550883 14.07 713 328 1 1
3 3 0.848497 -0.440706 11.256 713 328 2 1
3 3 0.938911 -0.48076 12.279 714 328 3 1
3 3 0.922166 -0.472185 12.06 714 328 4 1
3 3 0.877746 -0.455898 11.644 713 328 5 1
3 3 0.875216 -0.448145 11.446 714 328 6 1
count 5
3 4 -0.573492 -0.442934 10.72 594 326 1 1
3 4 -0.602166 -0.452893 11.256 594 327 2 1
3 4 -0.582747 -0.438288 10.893 594 327 3 1
3 4 -0.570949 -0.438288 10.893 595 327 4 1
3 4 -0.614357 -0.452893 11.256 593 327 5 1
count 5
3 5 -2.05669 -0.481973 10.08 455 320 2 1
3 5 -2.05669 -0.481973 10.08 455 320 3 1
3 5 -2.06761 -0.481973 10.08 454 320 4 1
3 5 -2.07662 -0.500319 10.232 456 319 5 1
3 5 -2.06554 -0.500319 10.232 457 319 6 1
count 6
3 6 -6.03852 -0.538816 10.552 115 317 1 1
3 6 -5.92331 -0.564292 10.39 117 314 2 1
3 6 -5.62993 -0.528664 9.932 120 315 3 1
3 6 -5.71383 -0.536542 10.08 120 315 4 1
3 6 -5.64069 -0.51791 9.932 119 316 5 1
3 6 -5.81107 -0.533554 10.232 119 316 6 1
count 5
4 1 7.73912 -0.689187 21.104 982 334 2 1
4 1 7.50479 -0.66832 20.465 982 334 3 1
4 1 7.097 -0.630144 19.296 983 334 4 1
4 1 7.78484 -0.689187 21.104 984 334 5 1
4 1 7.78484 -0.689187 21.104 984 334 6 1
count 6
4 2 4.94939 -0.632952 18.76 887 333 1 1
4 2 5.1117 -0.651036 19.296 888 333 2 1
4 2 4.99003 -0.632952 18.76 889 333 3 1
4 2 5.1326 -0.651036 19.296 889 333 4 1
4 2 5.1326 -0.630144 19.296 889 334 5 1
4 2 5.28342 -0.670166 19.863 889 333 6 1
count 6
4 3 2.5618 -0.60298 17.316 780 332 1 1
4 3 2.5618 -0.60298 17.316 780 332 2 1
4 3 2.62926 -0.618859 17.772 780 332 3 1
4 3 2.70042 -0.635609 18.253 780 332 4 1
4 3 2.62926 -0.618859 17.772 780 332 5 1
4 3 2.5618 -0.60298 17.316 780 332 6 1
count 4
4 4 -1.91789 -0.897005 18.76 549 320 2 1
4 4 -1.83613 -0.849764 17.772 548 320 4 1
4 4 -1.91789 -0.897005 18.76 549 320 5 1
4 4 -1.78902 -0.82796 17.316 548 320 6 1
count 5
4 5 -4.14578 -0.650816 15.349 394 325 2 1
4 5 -4.22519 -0.716968 15.706 395 322 3 1
4 5 -4.22519 -0.716968 15.706 395 322 4 1
4 5 -4.41342 -0.751936 16.472 396 322 5 1
4 5 -4.43126 -0.751936 16.472 395 322 6 1
