1 1 2.398608946218166 -0.3331630165349656
1 2 1.1990581279842627 0.5353391940081731
1 3 -0.7556025469973695 1.1693897862612073
1 4 0.21575643113688714 1.8249800755878316
2 1 3.8185931167930898 2.0199732009193223
2 2 3.155620360795073 2.6788005979388863
2 3 0.7044999551979918 3.4060133539025403
2 4 -0.14443293139120056 3.7041751155575513
2 5 0.4945441716610605 3.426325778873614
2 6 -1.2604758757542462 3.8372267148916106
3 1 2.8601359852831183 7.332918666502459
3 2 2.575448524798959 7.279217217443116
3 3 0.7685220347604728 8.044072374633831
3 4 -0.14957571199680192 7.875362989667508
3 5 -0.857538261789316 8.732684074954973
3 6 -4.335153839403534 7.042261075175709
4 1 2.506991626107867 11.519895558850495
4 2 2.1288173420978955 11.728806803579728
4 3 1.119161405247875 12.48868521414549
4 4 -2.47397912398334 12.178183746099574
4 5 -3.7976033174779835 11.15405868370279
