1 1 wifi1fortest 2.3807799999999992
1 1 wifi2fortest 20.128680000000003
1 1 wifi3fortest 14.956939999999998
1 2 wifi1fortest 1.9265400000000006
1 2 wifi2fortest 17.5914
1 2 wifi3fortest 16.340920000000004
1 3 wifi1fortest 1.99496
1 3 wifi2fortest 15.573299999999996
1 3 wifi3fortest 15.634859999999998
1 4 wifi1fortest 2.4055800000000005
1 4 wifi2fortest 17.195839999999997
1 4 wifi3fortest 13.99344
2 1 wifi1fortest 4.315320000000001
2 1 wifi2fortest 18.490499999999997
2 1 wifi3fortest 12.504819999999997
2 2 wifi1fortest 5.150920000000001
2 2 wifi2fortest 17.819919999999996
2 2 wifi3fortest 13.097619999999997
2 3 wifi1fortest 4.21072
2 3 wifi2fortest 13.79268
2 3 wifi3fortest 12.802859999999995
2 4 wifi2fortest 18.489620000000006
2 4 wifi1fortest 3.958599999999998
2 4 wifi3fortest 12.710860000000002
2 5 wifi2fortest 14.427280000000001
2 5 wifi3fortest 12.706859999999999
2 5 wifi1fortest 3.9239000000000006
2 6 wifi1fortest 5.582820000000001
2 6 wifi2fortest 12.983879999999997
2 6 wifi3fortest 12.675479999999999
3 1 wifi2fortest 12.611260000000005
3 1 wifi1fortest 9.560619999999998
3 1 wifi3fortest 7.936039999999999
3 2 wifi2fortest 12.424239999999996
3 2 wifi1fortest 7.838699999999998
3 2 wifi3fortest 8.260460000000002
3 3 wifi2fortest 12.791739999999999
3 3 wifi3fortest 7.67834
3 3 wifi1fortest 7.873559999999998
3 4 wifi2fortest 11.61242
3 4 wifi3fortest 8.858220000000001
3 4 wifi1fortest 8.352640000000001
3 5 wifi2fortest 10.81772
3 5 wifi3fortest 8.712760000000001
3 5 wifi1fortest 10.164979999999998
3 6 wifi2fortest 8.684139999999998
3 6 wifi3fortest 12.856819999999997
3 6 wifi1fortest 9.25804
4 1 wifi3fortest 3.9345199999999996
4 1 wifi2fortest 10.310719999999998
4 1 wifi1fortest 11.81538
4 2 wifi2fortest 9.677240000000005
4 2 wifi3fortest 3.7683400000000007
4 2 wifi1fortest 11.923660000000002
4 3 wifi2fortest 7.810779999999997
4 3 wifi3fortest 3.7579
4 3 wifi1fortest 12.206700000000001
4 4 wifi2fortest 4.579940000000001
4 4 wifi3fortest 6.4281999999999995
4 4 wifi1fortest 12.46988
4 5 wifi2fortest 4.581859999999999
4 5 wifi3fortest 8.73434
4 5 wifi1fortest 11.505860000000002
