1 1 1.3716027432054865 2.9477193957640866
1 2 0.0 2.8956057912115827
1 3 -1.0414020828041657 2.9724571556156745
1 4 -2.0574041148082296 2.8378802818698614
2 1 2.235204470408941 4.898984384553191
2 2 1.5240030480060962 4.739407178944618
2 3 0.33020066040132084 4.661930056776966
2 4 -0.8128016256032513 4.550793209847325
2 5 -1.4478028956057913 4.497100334166981
2 6 -3.0480060960121924 4.561837809630409
3 1 3.3274066548133097 8.24383291211391
3 2 1.981203962407925 8.19678175558285
3 3 0.15240030480060962 8.228205224298556
3 4 -0.9398018796037593 8.354725005973595
3 5 -2.1590043180086362 8.178027498135938
3 6 -5.334010668021336 8.497636250099113
4 1 3.2258064516129035 12.283518140120446
4 2 2.1336042672085345 11.952282623317949
4 3 0.6604013208026417 12.046936430235236
4 4 -1.6510033020066042 12.05408377949821
4 5 -3.4290068580137163 11.9379157902359
