count 3
1 1 1.59906 0.340089 2.886 1155 473 1 1
1 1 1.58454 0.384008 2.911 1146 486 2 1
1 1 1.59162 0.388889 2.924 1146 487 3 1
count 2
1 2 0.179065 0.350265 3.028 698 471 1 1
1 2 0.179065 0.353544 3.028 698 472 2 1
count 2
1 3 -1.00009 0.337692 2.975 333 469 1 1
1 3 -1.0292 0.351885 3.042 331 471 2 1
count 3
1 4 -1.79145 0.139355 2.936 80 408 1 1
1 4 -1.7873 0.132454 2.924 79 406 2 1
1 4 -1.80258 0.136779 2.949 79 407 3 1
count 2
2 1 2.82563 -0.219732 5.318 1134 326 1 1
2 1 2.81892 -0.215664 5.36 1129 327 2 1
count 2
2 2 2.06427 -0.267894 5.36 999 318 1 1
2 2 1.99461 -0.24468 5.36 987 322 2 1
count 3
2 3 0.580562 -0.252271 5.276 745 320 1 1
2 3 0.573665 -0.254279 5.318 743 320 2 1
2 3 0.570381 -0.25031 5.235 744 320 3 1
count 3
2 4 -0.603226 -0.255978 5.235 537 319 1 1
2 4 -0.602236 -0.252271 5.276 538 320 2 1
2 4 -0.596522 -0.252271 5.276 539 320 3 1
count 3
2 5 -1.25935 -0.286545 5.276 423 314 1 1
2 5 -1.22488 -0.279974 5.155 424 314 2 1
2 5 -1.23046 -0.279974 5.155 423 314 3 1
count 2
2 6 -2.89999 -0.305551 5.116 120 309 1 1
2 6 -2.93327 -0.307881 5.155 118 309 2 1
count 6
3 1 5.12735 -0.379771 11.256 1064 333 1 1
3 1 4.95019 -0.367524 10.893 1063 333 2 1
3 1 4.95019 -0.367524 10.893 1063 333 3 1
3 1 4.96199 -0.367524 10.893 1064 333 4 1
3 1 5.12735 -0.318836 11.256 1064 338 5 1
3 1 5.03108 -0.373529 11.071 1063 333 6 1
count 6
3 2 3.08364 -0.41972 10.72 909 328 1 1
3 2 3.13008 -0.396507 10.72 913 330 2 1
3 2 3.13008 -0.41972 10.72 913 328 3 1
3 2 3.1688 -0.426494 10.893 912 328 4 1
3 2 3.13008 -0.41972 10.72 913 328 5 1
3 2 3.09246 -0.413143 10.552 914 328 6 1
count 7
3 3 0.828965 -0.463885 11.848 708 328 1 1
3 3 0.86746 -0.476713 11.848 711 327 2 1
3 3 0.86746 -0.476713 11.848 711 327 3 1
3 3 0.824116 -0.452893 11.256 711 327 4 1
3 3 0.852524 -0.468505 11.644 711 327 5 1
3 3 0.882982 -0.472185 12.06 711 328 6 1
3 3 0.899016 -0.48076 12.279 711 328 7 1
count 5
3 4 -0.624727 -0.472931 11.446 593 326 1 1
3 4 -0.578342 -0.440548 10.39 592 325 2 1
3 4 -0.596711 -0.454541 10.72 592 325 3 1
3 4 -0.56709 -0.440548 10.39 593 325 4 1
3 4 -0.594544 -0.450082 10.893 593 326 5 1
count 4
3 5 -2.10302 -0.541344 11.071 468 319 2 1
3 5 -2.27783 -0.615819 12.06 469 317 3 1
3 5 -2.19926 -0.569362 11.644 469 319 4 1
3 5 -2.23779 -0.592165 11.848 469 318 6 1
count 5
3 6 -5.74658 -0.536542 10.08 117 315 1 1
3 6 -5.70523 -0.507157 9.932 113 317 2 1
3 6 -5.67296 -0.528664 9.932 116 315 3 1
3 6 -5.61191 -0.520999 9.788 114 315 4 1
3 6 -5.85539 -0.544632 10.232 115 315 5 1
count 4
4 1 7.73912 -0.689187 21.104 982 334 3 1
4 1 7.26252 -0.64866 19.863 981 334 4 1
4 1 7.46047 -0.66832 20.465 980 334 5 1
4 1 7.73912 -0.689187 21.104 982 334 6 1
count 6
4 2 4.98631 -0.630144 19.296 882 334 1 1
4 2 5.26623 -0.66832 20.465 881 334 2 1
4 2 5.26623 -0.66832 20.465 881 334 3 1
4 2 5.2884 -0.66832 20.465 882 334 4 1
4 2 5.45352 -0.689187 21.104 882 334 5 1
4 2 5.2884 -0.66832 20.465 882 334 6 1
count 6
4 3 2.93902 -0.712635 20.465 776 332 1 1
4 3 2.67384 -0.653264 18.76 775 332 2 1
4 3 2.75024 -0.671928 19.296 775 332 3 1
4 3 2.91685 -0.712635 20.465 775 332 4 1
4 3 2.81293 -0.671928 19.296 778 332 5 1
4 3 2.85256 -0.670166 19.863 776 333 6 1
count 4
4 4 -1.76722 -0.872763 18.253 554 320 2 1
4 4 -1.74745 -0.892526 18.253 555 319 3 1
4 4 -1.65775 -0.846709 17.316 555 319 4 1
4 4 -1.74745 -0.892526 18.253 555 319 5 1
count 5
4 5 -4.06993 -0.636357 15.008 393 325 2 1
4 5 -4.27623 -0.665953 15.706 392 325 3 1
4 5 -4.19565 -0.650816 15.349 391 325 4 1
4 5 -4.27623 -0.665953 15.706 392 325 5 1
4 5 -4.29323 -0.665953 15.706 391 325 6 1
