count 7
1 1 1.77415 0.538472 3.171 1160 521 1 1
1 1 1.76076 0.536778 3.141 1161 522 2 1
1 1 1.76575 0.539342 3.156 1160 522 3 1
1 1 1.78254 0.544468 3.186 1160 522 4 1
1 1 1.75291 0.534386 3.127 1161 522 5 1
1 1 3.83276 2.18573 45.023 722 409 6 1
1 1 1.74451 0.531822 3.112 1161 522 6 2
count 7
1 2 0.0635946 0.462362 2.85 664 514 1 1
1 2 0.0612724 0.477577 2.886 663 517 2 1
1 2 0.0583885 0.4827 2.898 662 518 3 1
1 2 0.0612724 0.480701 2.886 663 518 4 1
1 2 0.0583885 0.4827 2.898 662 518 5 1
1 2 0.0610176 0.472479 2.874 663 516 6 1
1 2 0.0571797 0.466561 2.838 662 516 7 1
count 6
1 3 -0.932644 0.494518 3.028 359 515 1 1
1 3 -0.935923 0.501075 3.028 358 517 2 1
1 3 -0.924636 0.496772 3.002 359 517 3 1
1 3 -0.924636 0.500023 3.002 359 518 4 1
1 3 -0.925374 0.502188 3.015 360 518 5 1
1 3 -0.927887 0.496772 3.002 358 517 6 1
count 7
1 4 -1.71071 0.291373 2.779 75 461 1 1
1 4 -1.7556 0.26599 2.862 77 450 2 1
1 4 -1.73658 0.296301 2.826 76 461 3 1
1 4 -1.75133 0.298818 2.85 76 461 4 1
1 4 -1.75985 0.263993 2.874 78 449 5 1
1 4 -1.7292 0.295043 2.814 76 461 6 1
1 4 -1.76296 0.267105 2.874 77 450 7 1
count 6
2 1 3.0966 0.30262 5.723 1143 413 1 1
2 1 3.0966 0.308817 5.723 1143 414 2 1
2 1 3.12311 0.311461 5.772 1143 414 3 1
2 1 3.0904 0.30262 5.723 1142 413 4 1
2 1 3.12311 0.311461 5.772 1143 414 5 1
2 1 3.15647 0.307855 5.822 1144 413 6 1
count 6
2 2 1.91847 0.272517 5.491 966 410 1 1
2 2 1.96201 0.276984 5.581 968 410 2 1
2 2 1.95218 0.27475 5.536 969 410 3 1
2 2 1.92045 0.270284 5.446 969 410 4 1
2 2 1.94821 0.272517 5.491 971 410 5 1
2 2 1.94821 0.272517 5.491 971 410 6 1
count 7
2 3 0.831009 0.226799 5.536 782 402 1 1
2 3 0.835194 0.229008 5.446 785 403 2 1
2 3 0.860987 0.232793 5.536 787 403 3 1
2 3 0.841092 0.229008 5.446 786 403 4 1
2 3 0.816896 0.2272 5.403 783 403 5 1
2 3 0.823397 0.229008 5.446 783 403 6 1
2 3 0.829295 0.229008 5.446 784 403 7 1
count 7
2 4 -0.778657 0.145332 5.195 505 390 1 1
2 4 -0.773031 0.145332 5.195 506 390 2 1
2 4 -0.784653 0.146451 5.235 505 390 3 1
2 4 -0.767079 0.138632 5.155 506 389 4 1
2 4 -0.755621 0.142059 5.078 506 390 5 1
2 4 -0.773031 0.145332 5.195 506 390 6 1
2 4 -0.761276 0.143122 5.116 506 390 7 1
count 6
2 5 -1.44791 0.124749 5.276 390 386 1 1
2 5 -1.404 0.120966 5.116 390 386 2 1
2 5 -1.43666 0.0954391 5.235 390 381 3 1
2 5 -1.42568 0.0947099 5.195 390 381 4 1
2 5 -1.4147 0.0939806 5.155 390 381 5 1
2 5 -1.43666 0.0954391 5.235 390 381 6 1
count 6
2 6 -3.15167 0.0264013 5.04 66 369 1 1
2 6 -3.15167 0.0209445 5.04 66 368 2 1
2 6 -3.15562 0.0262075 5.003 61 369 3 1
2 6 -3.10539 0.0206369 4.966 66 368 4 1
2 6 -3.12853 0.0207907 5.003 66 368 5 1
2 6 -3.15167 0.0209445 5.04 66 368 6 1
count 7
3 1 5.39236 0.70396 11.644 1071 420 1 1
3 1 5.20049 0.680503 11.256 1070 420 2 1
3 1 5.39236 0.716567 11.644 1071 421 3 1
3 1 5.49967 0.74195 11.848 1072 422 4 1
3 1 5.1883 0.704877 11.256 1069 422 5 1
3 1 5.35453 0.70396 11.644 1068 420 6 1
3 1 5.25108 0.704383 11.446 1067 421 7 1
count 6
3 2 3.32849 0.549451 11.071 921 410 1 1
3 2 3.32849 0.549451 11.071 921 410 2 1
3 2 3.27498 0.540617 10.893 921 410 3 1
3 2 3.27498 0.540617 10.893 921 410 4 1
3 2 3.32849 0.549451 11.071 921 410 5 1
3 2 3.34048 0.549451 11.071 922 410 6 1
count 7
3 3 1.08113 0.466569 10.552 738 405 1 1
3 3 1.09256 0.455144 10.552 739 404 2 1
3 3 1.10398 0.455144 10.552 740 404 3 1
3 3 1.09834 0.473997 10.72 738 405 4 1
3 3 1.12156 0.462391 10.72 740 404 5 1
3 3 1.10398 0.455144 10.552 740 404 6 1
3 3 1.08704 0.448157 10.39 740 404 7 1
count 6
3 4 -0.712517 0.422677 10.893 583 400 1 1
3 4 -0.71217 0.417597 11.071 584 399 2 1
3 4 -0.713068 0.39802 10.552 581 399 3 1
3 4 -0.724421 0.404357 10.72 581 399 4 1
3 4 -0.736112 0.410882 10.893 581 399 5 1
3 4 -0.736112 0.410882 10.893 581 399 6 1
count 6
3 5 -2.45012 0.329471 10.552 429 393 1 1
3 5 -2.5293 0.340118 10.893 429 393 2 1
3 5 -2.19852 0.295019 9.788 436 392 3 1
3 5 -2.27503 0.30382 10.08 435 392 4 1
3 5 -2.23087 0.299359 9.932 436 392 5 1
3 5 -2.19852 0.295019 9.788 436 392 6 1
count 7
3 6 -5.86648 0.197618 10.232 114 382 1 1
3 6 -5.61191 0.189042 9.788 114 382 2 1
3 6 -5.77933 0.194682 10.08 114 382 3 1
3 6 -5.77933 0.194682 10.08 114 382 4 1
3 6 -5.86648 0.186539 10.232 114 381 5 1
3 6 -5.86648 0.197618 10.232 114 382 6 1
3 6 -5.66491 0.178445 9.788 109 381 7 1
count 6
4 1 7.34857 1.20086 19.863 985 420 1 1
4 1 7.37008 1.17935 19.863 986 419 2 1
4 1 7.59345 1.21509 20.465 986 419 3 1
4 1 7.59345 1.21509 20.465 986 419 4 1
4 1 7.34857 1.17935 19.863 985 419 5 1
4 1 7.59345 1.21509 20.465 986 419 6 1
count 6
4 2 5.20211 1.13878 21.104 871 414 1 1
4 2 5.02243 1.1043 20.465 870 414 2 1
4 2 5.02243 1.1043 20.465 870 414 3 1
4 2 5.02243 1.1043 20.465 870 414 4 1
4 2 4.87469 1.07182 19.863 870 414 5 1
4 2 4.87469 1.07182 19.863 870 414 6 1
count 7
4 3 2.47067 0.951366 18.76 765 411 1 1
4 3 2.61593 1.0073 19.863 765 411 2 1
4 3 2.49099 0.951366 18.76 766 411 3 1
4 3 2.49099 0.951366 18.76 766 411 4 1
4 3 2.56216 0.978548 19.296 766 411 5 1
4 3 2.49099 0.951366 18.76 766 411 6 1
4 3 2.56216 0.978548 19.296 766 411 7 1
count 3
4 4 -2.16496 0.527179 16.884 525 393 2 1
4 4 -2.16496 0.527179 16.884 525 393 5 1
4 4 -2.16496 0.545459 16.884 525 394 6 1
count 5
4 5 -4.16119 0.464209 14.369 376 394 2 1
4 5 -4.34625 0.484853 15.008 376 394 3 1
4 5 -4.16119 0.464209 14.369 376 394 4 1
4 5 -4.34625 0.484853 15.008 376 394 5 1
4 5 -4.34625 0.484853 15.008 376 394 6 1
