1 1 -0.9144018288036576 2.095157798049406
1 2 -0.4572009144018288 2.0580311809961547
1 3 0.0 2.1336042672085345
1 4 0.40640081280162565 1.990949244832657
1 5 0.8890017780035561 2.106060953997587
2 1 -1.6764033528067057 3.33631383474569
2 2 -0.9652019304038608 3.26388181949891
2 3 -0.4826009652019304 3.0867071437060325
2 4 0.0 3.2258064516129035
2 5 0.40640081280162565 3.123276840018166
2 6 0.8128016256032513 3.2266063540371035
2 7 1.3208026416052834 3.081686743836038
3 1 -2.3368046736093473 4.33828108847916
3 2 -1.6764033528067057 4.362601990682669
3 3 -1.219202438404877 4.4591378915170825
3 4 -0.7112014224028449 4.413473533954479
3 5 0.0 4.343408686817374
3 6 0.5080010160020321 4.262443364271373
3 7 0.9652019304038608 4.286893526756984
3 8 1.727203454406909 4.150791095224855
3 9 2.1844043688087376 4.160416670983601
3 10 2.616205232410465 4.115670486677288
4 1 -3.124206248412497 5.204965618191919
4 2 -2.286004572009144 5.458883991947306
4 3 -1.6002032004064008 5.5657417573762205
4 4 -1.143002286004572 5.443912958951004
4 5 -0.63500127000254 5.475110423289807
4 6 0.0 5.486410972821946
4 7 0.43180086360172726 5.469392413869556
4 8 0.9144018288036576 5.4611881288034585
4 9 1.6256032512065026 5.45243906121361
4 10 2.1336042672085345 5.438458729016437
4 11 2.6416052832105668 5.437509608812174
4 12 3.1750063500127004 5.203911924955012
