count 5
1 1 -0.915109 -0.157711 2.137 248 296 1 1
1 1 -0.916726 -0.152582 2.13 246 298 2 1
1 1 -0.919738 -0.148455 2.137 246 300 3 1
1 1 -0.911607 -0.152488 2.097 242 297 4 1
1 1 -0.917258 -0.148864 2.11 242 299 5 1
count 5
1 2 -0.47064 -0.190869 2.046 431 278 1 1
1 2 -0.43882 0.00804117 1.935 434 368 2 1
1 2 -0.44018 0.00806611 1.941 434 368 3 1
1 2 -0.43882 0.00804117 1.935 434 368 4 1
1 2 -0.440915 0.00594612 1.935 433 367 5 1
count 5
1 3 0.0083945 -0.156415 2.151 647 297 1 1
1 3 0.0106892 -0.141978 2.144 648 303 2 1
1 3 0.0130961 -0.142905 2.158 649 303 3 1
1 3 0.0130536 -0.14477 2.151 649 302 4 1
1 3 0.010759 -0.145241 2.158 648 302 5 1
count 5
1 4 0.433456 -0.191604 2.078 836 279 1 1
1 4 0.428241 0.00853154 2.053 836 368 2 1
1 4 0.429493 0.00855647 2.059 836 368 3 1
1 4 0.428997 0.00628721 2.046 837 367 4 1
1 4 0.428997 0.00407197 2.046 837 366 5 1
count 5
1 5 0.914704 -0.151373 2.179 1031 300 1 1
1 5 0.933788 -0.208594 2.236 1029 278 2 1
1 5 0.917574 0.00896788 2.158 1036 368 3 1
1 5 0.898517 0.0065269 2.124 1034 367 4 1
1 5 0.930865 -0.205527 2.229 1029 279 5 1
count 5
2 1 -1.90221 -0.167084 3.343 118 318 1 1
2 1 -1.92887 -0.183408 3.377 116 314 2 1
2 1 -1.92644 -0.178847 3.36 114 315 3 1
2 1 -1.93985 -0.183408 3.377 113 314 4 1
2 1 -1.88143 -0.0182363 3.263 111 359 5 1
count 4
2 2 -0.925884 -0.196916 3.127 370 306 1 1
2 2 -1.00758 -0.178755 3.428 372 316 2 1
2 2 -1.02034 -0.175963 3.446 370 317 3 1
2 2 -1.01872 -0.171332 3.428 369 318 4 1
count 5
2 3 -0.551582 -0.191735 3.098 479 307 1 1
2 3 -0.564764 0.163852 3.231 482 411 2 1
2 3 -0.561265 0.163852 3.231 483 411 3 1
2 3 -0.54821 0.166573 3.216 486 412 4 1
2 3 -0.560527 0.168179 3.247 484 412 5 1
count 5
2 4 0.00614051 -0.241814 3.536 645 301 1 1
2 4 -0.00529218 -0.174881 3.499 642 318 2 1
2 4 -0.0054041 -0.178579 3.573 642 318 3 1
2 4 -0.0015027 -0.174881 3.499 643 318 4 1
2 4 -0.0396002 -0.160549 3.517 633 322 5 1
count 6
2 5 0.457548 -0.217879 3.186 776 301 1 1
2 5 0.457548 -0.193732 3.186 776 308 2 1
2 5 0.449302 -0.194644 3.201 773 308 3 1
2 5 0.462262 -0.19282 3.171 778 308 4 1
2 5 0.466911 -0.188491 3.156 780 309 5 1
2 5 0.443746 -0.183384 3.186 772 311 6 1
count 5
2 6 0.892814 -0.205188 3.499 879 310 1 1
2 6 0.883023 -0.019259 3.446 880 359 2 1
2 6 0.885836 -0.00431221 3.428 882 363 3 1
2 6 0.887379 -0.000606791 3.463 880 364 4 1
2 6 0.89113 -0.00810569 3.463 881 362 5 1
count 5
2 7 1.37353 -0.236707 3.517 1004 302 1 1
2 7 1.38496 -0.229091 3.517 1007 304 2 1
2 7 1.38166 -0.231707 3.499 1008 303 3 1
2 7 1.39953 -0.235349 3.554 1007 303 4 1
2 7 1.38496 -0.232899 3.517 1007 303 5 1
count 5
3 1 -2.55943 -0.215833 4.414 108 319 1 1
3 1 -2.55943 -0.201496 4.414 108 322 2 1
3 1 -2.52421 -0.197616 4.329 105 322 3 1
3 1 -2.51222 -0.189459 4.357 111 324 4 1
3 1 -2.54509 -0.187159 4.414 111 325 5 1
count 5
3 2 -1.81598 -0.193199 4.443 266 324 1 1
3 2 -1.84984 -0.19089 4.502 264 325 2 1
3 2 -1.82079 -0.183578 4.443 265 326 3 1
3 2 -1.81814 -0.184776 4.472 268 326 4 1
3 2 -1.80846 -0.189618 4.472 270 325 5 1
count 4
3 3 -1.35061 -0.223911 4.385 359 317 1 1
3 3 -1.35536 -0.219163 4.385 358 318 2 1
3 3 -1.35954 -0.220613 4.414 359 318 3 1
3 3 -1.37328 -0.226873 4.443 358 317 4 1
count 5
3 4 -0.818623 -0.216182 4.626 480 321 1 1
3 4 -0.782766 0.147414 4.563 485 394 2 1
3 4 -0.788084 0.153389 4.594 485 395 3 1
3 4 -0.804107 0.160569 4.658 484 396 4 1
3 4 -0.829546 0.167589 4.443 471 399 5 1
count 5
3 5 0.00308673 -0.230943 4.723 644 319 1 1
3 5 0.00814451 -0.239485 4.69 645 317 2 1
3 5 -0.0804389 -0.261997 4.824 628 314 3 1
3 5 -0.0685246 -0.261625 4.723 630 313 4 1
3 5 -0.0694967 -0.270522 4.79 630 312 5 1
count 5
3 6 0.387017 -0.229033 4.79 718 320 1 1
3 6 0.376489 -0.215602 4.723 717 322 2 1
3 6 0.373858 -0.219173 4.69 717 321 3 1
3 6 0.376352 -0.207591 4.658 718 323 4 1
3 6 0.389096 -0.214095 4.69 720 322 5 1
count 1
3 7 0.96093 -0.211288 4.859 826 324 5 1
count 6
3 8 1.95009 -0.304645 5.195 990 310 1 1
3 8 1.90511 -0.266301 5.003 995 315 2 1
3 8 1.93367 -0.270294 5.078 995 315 3 1
3 8 1.9192 -0.268271 5.04 995 315 4 1
3 8 1.93367 -0.270294 5.078 995 315 5 1
3 8 1.90511 -0.266301 5.003 995 315 6 1
count 5
3 9 2.48478 -0.282889 4.824 1119 310 1 1
3 9 2.43608 -0.280109 4.69 1123 309 2 1
3 9 2.51859 -0.290202 4.859 1122 309 3 1
3 9 2.44133 -0.254964 4.79 1114 315 4 1
3 9 2.54734 -0.30289 4.894 1124 307 5 1
count 5
3 10 2.99894 -0.296593 4.966 1201 309 1 1
3 10 3.03817 -0.257357 5.04 1200 317 2 1
3 10 3.03271 -0.262814 5.04 1199 316 3 1
3 10 3.01587 -0.250051 5.003 1200 318 4 1
3 10 3.01045 -0.244634 5.003 1199 319 5 1
count 4
4 1 -3.20211 -0.178009 5.276 83 333 1 1
4 1 -3.19639 -0.178009 5.276 84 333 2 1
4 1 -3.20211 -0.172297 5.276 83 334 3 1
4 1 -3.28759 -0.177849 5.446 86 334 4 1
count 4
4 2 -2.66371 -0.222193 5.675 210 328 1 1
4 2 -2.62563 -0.206428 5.581 209 330 2 1
4 2 -2.58329 -0.203099 5.491 209 330 3 1
4 2 -2.64165 -0.208166 5.628 210 330 4 1
count 5
4 3 -1.85345 -0.249022 5.873 352 325 1 1
4 3 -1.73346 -0.189886 5.628 359 333 2 1
4 3 -1.74794 -0.191471 5.675 359 333 3 1
4 3 -1.76272 -0.193091 5.723 359 333 4 1
4 3 -1.75408 -0.191471 5.675 358 333 5 1
count 5
4 4 -1.33445 -0.25066 5.491 419 322 1 1
4 4 -1.26309 -0.197154 5.491 431 331 2 1
4 4 -1.24684 -0.201434 5.446 432 330 3 1
4 4 -1.25274 -0.207331 5.446 431 329 4 1
4 4 -1.21363 -0.189434 5.276 431 331 5 1
count 5
4 5 -0.690803 -0.20376 5.675 531 331 1 1
4 5 -0.69695 -0.191471 5.675 530 333 2 1
4 5 -0.702844 -0.199287 5.723 530 332 3 1
4 5 -0.69695 -0.191471 5.675 530 333 4 1
4 5 -0.69695 -0.191471 5.675 530 333 5 1
count 5
4 6 -0.107079 -0.229564 6.03 627 329 1 1
4 6 -0.108038 -0.218445 6.084 627 331 2 1
4 6 -0.10612 -0.214568 5.976 627 331 3 1
4 6 -0.115663 -0.213773 6.139 626 332 4 1
4 6 -0.112592 -0.214568 5.976 626 331 5 1
count 4
4 7 0.469417 -0.227067 6.139 714 330 1 1
4 7 0.465212 -0.211858 6.084 714 332 2 1
4 7 0.471801 -0.218445 6.084 715 331 3 1
4 7 0.478134 -0.224513 6.253 714 331 4 1
count 5
4 8 0.931866 -0.238054 6.253 781 329 1 1
4 8 0.963251 -0.22875 6.371 783 331 2 1
4 8 0.954331 -0.219797 6.312 783 332 3 1
4 8 0.94541 -0.217743 6.253 783 332 4 1
4 8 1.00105 -0.230558 6.621 783 332 5 1
count 5
4 9 1.89198 -0.258796 6.432 915 327 1 1
4 9 1.93132 -0.275353 6.494 918 325 2 1
4 9 1.90854 -0.270138 6.371 920 325 3 1
4 9 1.94538 -0.275353 6.494 920 325 4 1
4 9 1.91288 -0.26576 6.432 918 326 5 1
count 5
4 10 2.43295 -0.299323 6.557 986 322 1 1
4 10 2.44235 -0.252064 6.621 984 329 2 1
4 10 2.47394 -0.261816 6.687 985 328 3 1
4 10 2.49836 -0.2644 6.753 985 328 4 1
4 10 2.4667 -0.261816 6.687 984 328 5 1
count 5
4 11 2.97265 -0.256726 6.557 1062 328 1 1
4 11 2.97265 -0.256726 6.557 1062 328 2 1
4 11 2.97265 -0.256726 6.557 1062 328 3 1
4 11 3.00166 -0.259232 6.621 1062 328 4 1
4 11 2.94409 -0.247229 6.494 1062 329 5 1
count 5
4 12 3.79925 -0.305257 6.687 1168 322 1 1
4 12 3.86118 -0.304033 6.822 1166 323 2 1
4 12 3.90023 -0.292186 6.891 1166 325 3 1
4 12 3.82944 -0.293647 6.753 1167 324 4 1
4 12 3.83675 -0.293647 6.753 1168 324 5 1
